id_doc
8392
13580
4241
3625
288
5077
12629
11301
9456
7180
5767
6863
1302
4017
952
4027
5930
11211
6417
9060
10842
8545
2907
7176
6866
9220
4131
11256
8786
12937
5404
7944
13243
7246
1877
11496
5774
11752
3138
8693
10273
1910
10318
10742
4129
2251
5802
3596
6640
10446
6996
943
8864
1747
7642
8897
1602
2224
11710
7828
7086
3512
8794
9986
4963
5929
714
8059
10308
3313
5069
1572
2011
7570
5504
2462
343
6274
8037
12971
2480
13379
8264
12494
10932
9157
2152
3059
8638
12519
9868
10076
1570
9211
7500
2844
5729
11201
2097
9825
1361
3069
7129
3412
4367
11502
13116
4927
7454
6828
9837
633
3117
7290
13076
7855
5161
9389
6679
135
7848
9239
7015
2604
4347
5825
4042
6435
2401
7149
6874
6076
11644
2283
2108
10188
11327
5979
9003
5541
13208
1170
13358
10963
10394
1351
4108
9899
7557
6165
9749
4300
13398
8886
5425
654
8647
2859
9248
10186
5989
12985
5998
8176
3954
7198
7885
886
10374
1377
10981
6877
252
10444
4619
5146
4235
1391
12388
11252
13163
6387
2442
665
9030
5286
2830
6308
4092
6985
13349
935
12685
4748
69
5456
759
9816
1493
3398
2119
3105
4183
7872
2863
6590
12556
11635
11611
10856
4696
9538
9691
454
922
1597
7414
8872
7749
3205
3328
10767
6955
4893
4044
3612
10208
907
6234
5622
11638
12100
1532
13659
13111
9819
2516
2372
7101
9163
1987
10693
4459
2296
5482
1137
12420
3327
9126
11877
8369
2375
6504
5934
5819
831
6114
10929
10333
13396
13652
13010
10816
10631
10825
10764
2820
3519
9997
8175
8285
10984
1125
5372
12964
11944
3690
9316
7962
2771
11074
5139
3527
1276
10399
3259
2125
2650
2245
3972
9663
3038
900
464
1304
947
5856
8100
2699
9249
10284
4161
1364
6637
4709
10467
10311
2343
5686
9087
7895
6829
11574
9617
5587
66
13067
9553
7415
1287
7249
573
8303
4195
6853
5894
5667
1433
1812
13284
1264
612
3649
10839
7959
10562
10376
139
11035
4295
11293
2059
13464
6478
140
10286
2101
12791
3557
1592
12089
11456
5329
10849
7199
10868
59
780
3030
1653
10085
3324
6940
6291
2124
9623
6108
7838
7969
10113
2138
8932
671
9758
13597
12734
10108
11516
12640
12902
2408
7861
919
11375
8776
7663
3120
345
4438
3980
10962
6766
1647
6409
5277
8205
613
12901
12170
11692
7941
10973
9059
10109
11026
12877
10046
3873
11678
10104
11622
5612
10105
7096
10084
3970
2570
13593
91
8640
241
10216
968
6912
9470
6167
3871
9196
4009
12475
2803
12102
11168
7991
5081
4212
4224
8186
1763
5510
3621
10005
11452
7333
894
1940
1640
7695
11855
11473
11071
10795
8788
10908
13484
11765
2275
10002
3401
1167
7543
3272
3204
8315
2811
12943
13434
2944
6808
8715
9164
5038
12226
3317
3337
3982
1699
3427
1112
745
13178
7770
12071
12407
2467
6137
5269
5199
1095
10370
7661
3723
8234
1955
6850
10490
12609
4352
8101
828
5284
786
1693
4004
9616
4602
12276
6277
8237
12288
1683
11997
9449
4156
2136
5202
12978
10662
7256
666
4154
7216
5102
3307
3639
2786
11444
10594
4417
2553
8900
7226
6370
10871
9976
10591
3780
817
11142
13324
6822
758
3504
1421
11290
1999
854
11406
12139
2922
12643
9774
2575
9032
2363
10184
4258
5641
9928
723
2197
13623
8189
6677
9353
4728
11673
9624
2272
3642
1855
1019
13491
12893
5728
2938
8290
5314
11918
8102
11537
13333
12882
2522
13177
12770
6107
12044
13180
1345
7630
1884
2301
1629
4186
1405
8266
12296
5287
9892
1587
11501
4592
8913
6973
9814
8818
9770
9951
1844
1937
13000
2339
9923
2618
2909
12774
8771
11883
9683
7352
4047
12391
11434
9775
10409
2214
3008
3789
4993
271
10427
8999
3541
5142
3919
11108
2994
2300
11876
5259
3439
4173
10009
3633
8105
4297
12179
1031
8417
2129
13016
3097
10366
12999
12093
2649
8356
4238
2353
5412
8304
9215
2335
4515
12027
2487
4756
5509
10671
5235
13463
12155
8791
8940
6609
9341
673
10149
5876
9143
11302
6519
3108
7820
3023
7804
2010
8585
5164
11959
10
2359
11589
1606
1697
8162
12585
1713
1746
10255
10243
9944
11677
12989
2478
6035
2092
1401
7305
4194
9859
3782
4829
509
11200
12707
7157
7689
2720
1700
2742
11796
3071
1208
6038
6424
1914
632
12839
4761
1011
8295
5147
13129
10639
5169
2899
9601
7392
13238
4013
937
9704
8482
2311
12184
12669
109
11816
11704
6236
5969
11989
13142
3045
6699
1249
456
8053
8943
7618
5597
13290
4137
4311
2804
5055
11199
10933
3240
2202
8867
10590
588
2868
367
10264
6661
10171
597
9459
8144
8881
10786
5697
13462
5657
1780
1458
13365
9554
11392
221
811
7328
902
2888
1330
12811
13164
12949
9293
12526
6747
7589
10977
4168
2415
7491
7711
3026
2026
9829
9730
2250
13017
31
4157
7863
587
8388
13559
3572
2137
1801
13417
11599
2346
8868
3321
407
10876
2176
9602
2512
5473
9625
2044
4812
5662
378
13220
10258
2571
524
12120
1554
7912
4010
12247
12417
12086
2477
4350
13544
8440
7979
13381
10822
9417
2913
984
3466
2505
10059
3963
12322
1893
5811
5687
1223
10513
9212
1371
3482
3510
4451
2908
12214
1482
11305
10357
4398
6117
9608
9654
351
945
2766
9557
3394
2986
126
6491
3494
9910
2764
1300
7060
7147
4105
5129
10342
1153
13114
502
11438
6414
12437
5858
13670
5966
5252
3775
10746
8785
9860
9714
9095
12750
5795
13123
7730
8187
8519
10346
7214
11525
9705
12830
3614
2569
13373
10191
1432
246
6217
1589
13343
4273
1155
7579
1973
12065
7113
9946
1533
1819
12460
3340
6439
3562
1626
4976
11746
11941
2226
6544
1070
2113
2634
3358
3658
13204
5276
10672
3176
6150
3819
8214
5444
3355
4600
1191
770
1104
508
1830
10614
7873
11460
10911
8596
3526
1244
9155
3613
9669
2077
9043
7939
11103
13099
10140
746
13554
334
11080
846
13281
3976
9173
7822
512
7433
1394
12904
12749
12091
2552
211
4078
10601
3039
8506
8939
13070
2600
2148
1363
4024
6530
8459
3316
8489
13428
3858
6036
4086
13446
1356
5964
6198
10051
7342
10245
7708
4298
5651
10274
2696
3180
10098
5416
1203
2130
10496
13672
6187
5070
9176
463
10123
13465
3285
6709
13298
8433
11888
12363
6163
5864
6047
8713
10127
8296
13074
10901
3460
3794
9280
8150
2217
10829
10754
12026
1079
3751
3861
8783
3545
3754
2039
6888
2762
3915
1426
6531
8974
12411
12561
3524
10408
3305
9895
8132
12160
6267
6147
11037
12257
2969
2399
1664
3414
12859
6847
8828
8543
3234
9151
7999
6013
11102
2865
5883
7688
11616
6452
2087
813
4623
1320
5757
7792
5950
13249
11948
5305
4083
1873
11536
736
9355
12824
9984
2499
3960
4353
5685
9202
8871
11885
1903
8411
8408
317
3450
9153
6824
8581
13015
9955
9643
8532
3159
7488
6631
13093
7239
10039
3385
7010
12299
12805
12029
2745
9333
2483
5604
226
11186
11486
12464
2708
5615
3160
2758
9927
4217
12974
9119
6297
5281
8340
662
115
11852
866
1924
3997
12509
12573
3060
1108
849
8245
3683
2661
7569
9506
1721
12661
8221
3058
12404
6087
11654
11813
8840
6976
4237
62
4822
6278
7596
10320
10724
13273
12804
8885
7860
2509
6606
8680
9188
4466
13234
12637
13089
7807
948
6944
10773
7600
10259
7779
1558
4098
7526
1586
6635
2975
8763
5565
12171
4464
7832
7843
10935
5599
12121
9258
5921
11992
11279
10683
3362
10007
1639
11206
11141
4774
12022
6736
8027
13671
3153
8731
11050
10896
6536
9386
11781
6719
9524
3647
1668
4236
8982
2723
9061
6556
10809
2958
2895
5423
861
9942
8862
9158
7772
6016
3485
350
8869
4525
9039
6127
13618
5347
2981
11370
7420
1286
2053
9552
1869
10520
7748
11242
9371
8957
341
11395
5092
8095
8244
10060
1050
9794
6786
176
6622
7590
4873
7379
1991
5761
8351
466
5679
11114
11250
5529
7514
357
6185
13282
6627
5082
10606
4966
3222
10643
3578
11487
9284
132
3231
12116
6523
11463
8120
4332
7924
1169
1733
10101
9049
5096
9452
4095
4117
7367
2755
8349
4032
50
1036
9269
7494
12067
10227
9159
6825
10471
358
2061
2468
6796
9901
12178
11365
7109
2322
13280
13370
8947
12979
8499
2794
1470
8627
7990
6427
1925
2795
12679
147
9465
1282
1242
10001
12867
648
8942
3665
12899
6458
5676
2785
10480
7307
11275
8145
10805
8305
6810
2519
4378
8553
12400
11089
12828
12803
1900
909
2835
8293
8726
9463
3838
12449
85
12880
4063
7850
7139
8470
12813
1247
7008
10857
11182
10057
12462
11908
4934
9639
10605
8389
9556
2373
6595
11511
5841
7808
8717
3339
8752
10998
9023
4758
1850
3820
5602
11637
706
13596
247
11396
13167
9514
3368
12748
395
10685
15
1420
6058
13222
11086
13643
5006
8260
10622
101
4767
4388
2903
3267
10760
9242
3223
4784
10830
12938
9225
3923
9767
12992
12230
5248
1669
3898
988
11374
1842
7418
7016
2429
11414
7790
5793
10314
6073
857
7737
13080
12872
426
2879
1648
13376
13166
5247
4715
996
13383
12552
6701
13242
7192
4660
7191
8118
8334
6873
5093
13617
6689
8111
10367
10371
789
1514
3724
5356
2963
11280
7883
13292
6400
7135
2815
9718
1006
879
4618
5295
4001
1928
10093
5483
4291
6459
3864
3433
10970
7000
8222
7049
739
12300
11308
5960
8209
9044
2736
3807
8853
5941
10892
264
860
6017
6252
8310
2518
2915
731
3765
9283
2735
6864
1103
4573
10928
11193
11640
10385
1687
9189
9365
9650
12921
2638
8576
243
10684
11955
1419
5514
2904
9416
3189
2632
465
7692
5189
2047
8891
6625
6136
10228
4340
8256
11539
12210
3408
3758
3990
12790
9833
9870
7815
1631
2271
9589
1686
6323
1785
7841
2424
3752
9517
4018
4204
4290
77
3383
13522
1730
888
4901
39
2856
4381
895
1091
11510
12083
2430
3256
6169
13006
8270
1508
10044
8518
13586
8599
5726
11060
2616
12038
2001
9325
10965
7360
4134
5847
13145
4167
1817
1232
4475
13214
2446
7535
2537
7299
2154
3447
7601
266
2342
8093
5840
11559
148
3036
2298
9440
12706
8757
3637
3242
13085
12514
10863
1209
7468
3132
12008
9113
4842
11745
1093
1341
2118
11920
6716
2976
5216
7549
13160
11
1400
5109
8843
5396
11467
4460
8912
6051
12098
12767
12042
13011
13035
11072
7108
2289
2916
4268
10260
2845
4610
4644
10709
1791
10277
685
1469
10636
5690
3629
4589
8503
11355
8901
13042
6518
1114
2439
6304
11546
4942
5638
6085
10546
1745
10850
6438
729
12574
40
1772
10410
8275
12841
108
7786
12017
12638
12784
11797
171
7507
5163
13675
9679
13412
10826
204
38
6997
5575
4931
11453
13514
7028
9146
12436
11703
2598
6610
5330
8927
1549
8298
10725
7472
11472
12545
1455
2423
4482
7261
5009
1511
13119
73
4246
2514
5472
12751
1930
10210
12143
13331
1456
12221
11811
2007
6942
405
13501
2058
5105
2641
12020
7525
1678
4875
9515
3648
4668
8043
2475
12951
9921
9408
12332
6151
11184
12698
13201
3956
4264
8904
13607
4527
504
8197
2636
7884
7648
5748
13532
11056
5368
10360
2276
7893
11540
2743
6774
11674
8941
2404
13155
3981
5903
5014
5595
12458
2749
12078
880
10815
11631
9864
10653
7739
8398
27
8328
6579
4266
7926
7376
8009
7004
2596
6938
3425
6004
5398
12327
9618
2407
9846
8777
7621
2925
875
5000
3914
9760
4232
12910
3179
6390
8360
1731
1758
1342
2110
3660
5071
12343
2941
13625
6770
2454
13534
9579
9085
12728
7480
2551
9450
5937
11669
7678
5689
4316
1902
9166
10630
13313
5106
2775
200
12686
6237
721
2624
1352
11012
4176
1308
3473
11006
13357
13266
10936
12295
8128
4416
9256
13033
9387
9236
1615
9725
12762
10925
2479
9103
12142
11869
9933
6446
3278
7396
12753
6480
1450
4881
1927
7009
3523
256
6970
304
9613
11175
5673
5236
11120
4373
7624
157
3890
13009
3031
3836
3388
3121
13154
13165
10053
5956
10620
5133
5496
13028
6783
11553
6934
1545
2992
11542
10251
11694
2651
11092
4676
6746
7615
7871
12831
11785
10416
13344
12177
12711
3506
722
3165
2668
9010
13052
2052
12277
11185
5640
7219
